eval = rand (10,2)
  
% Output

eval =

   0.509784   0.188521
   0.779476   0.304235
   0.702519   0.728455
   0.345226   0.996724
   0.078082   0.142067
   0.944081   0.347533
   0.078093   0.988788
   0.144294   0.166920
   0.796748   0.250397
   0.768319   0.162908
