label = (0 0 0 0 1 1 1 1)
  
% Output
  
 label =

   0   0   0   0   1   1   1   1
