train = rand (10,2)
  
% Output

train =

   3.9668e-01   3.7428e-01
   6.7465e-01   5.4384e-01
   4.3126e-02   2.9758e-01
   8.9885e-01   1.9614e-01
   8.3344e-01   1.4293e-01
   6.6803e-03   8.1077e-01
   4.0396e-01   4.0329e-01
   7.3623e-01   8.4472e-01
   4.2913e-01   6.9515e-01
   3.2475e-01   8.3524e-02
